
# Habitat dependency parameters                       
# Vectors indicating which habitats each group prefers. 1=group lives on the habitat, 0=not present.            
# The list of habitats are BFS, BFF, BFD, MA, SG, MB, reef, flat, soft, canyon           
# from h1 Groups not included in model                   
         
habitat_BFS 10
1 1 1 0 0 0 1 1 1 1 

habitat_BFF 10
1 1 1 0 0 0 1 1 1 1 

habitat_BFD 10
1 1 1 0 0 0 1 1 1 1 

habitat_BG 10
1 1 1 0 0 0 1 1 1 1 

habitat_BMS 10
1 1 1 1 1 1 1 1 1 1 

habitat_BML 10
1 1 1 1 1 1 1 1 1 1 

habitat_BMD 10
1 1 1 1 1 1 1 1 1 1 

habitat_ZL 10
1 1 1 1 1 1 1 1 1 1 

habitat_ZG 10
1 1 1 1 1 1 1 1 1 1 

habitat_BC 10
1 1 1 1 1 1 1 1 1 1 

habitat_BD 10
1 1 1 1 1 1 1 1 1 1 

habitat_MA 10
1 1 1 1 0 0 1 1 0 0 

habitat_SG 10
0 0 0 0 1 1 0 1 1 0 

habitat_MB 10
0 0 0 0 0 0 0 0 0 0 

habitat_BO 10
1 1 1 1 1 1 1 1 1 1 

juv_habitat_CEP 10
1 1 1 1 1 1 1 1 1 1 

juv_habitat_PWN 10
1 1 1 1 1 1 1 1 1 1 

juv_habitat_FPS 10
1 1 1 1 1 1 1 1 1 0 

juv_habitat_FPL 10
1 1 1 1 1 1 1 1 1 0 

juv_habitat_FPO 10
1 0 1 1 0 1 1 0 0 0 

juv_habitat_FVD 10
1 1 1 1 1 1 1 1 1 1 

juv_habitat_FVV 10
1 0 1 1 0 1 1 0 0 0 

juv_habitat_FVS 10
1 0 1 1 1 1 1 1 1 0 

juv_habitat_FVT 10
1 1 1 1 1 1 1 1 1 0 

juv_habitat_FVO 10
1 0 1 1 0 1 1 0 0 0 

juv_habitat_FVB 10
0 0 0 1 0 1 1 0 0 0 

juv_habitat_FMM 10
1 1 1 1 1 1 1 1 1 1 

juv_habitat_FMN 10
1 1 1 1 1 1 1 1 1 1 

juv_habitat_FBP 10
1 0 1 1 0 1 1 0 0 0 

juv_habitat_FDD 10
1 1 1 1 1 1 1 1 1 1 

juv_habitat_FDS 10
1 1 1 1 1 1 1 1 1 0 

juv_habitat_FDB 10
1 0 1 1 0 1 1 0 0 0 

juv_habitat_FDC 10
1 0 1 1 0 1 1 0 0 0 

juv_habitat_FDO 10
1 0 1 1 1 1 1 1 1 0 

juv_habitat_FDE 10
1 0 0 1 0 1 1 0 0 0 

juv_habitat_FDF 10
1 1 1 1 1 1 1 1 1 1 

juv_habitat_FDM 10
1 0 1 1 0 1 1 0 0 0 

juv_habitat_FDP 10
1 1 1 1 1 1 1 1 1 1 

juv_habitat_SHD 10
1 1 1 1 1 1 1 1 1 1 

juv_habitat_SHC 10
0 0 0 0 0 0 0 1 1 0 

juv_habitat_SHP 10
1 1 1 1 1 1 1 1 1 1 

juv_habitat_SHB 10
0 0 0 0 0 0 0 1 1 0 

juv_habitat_SHR 10
0 0 0 0 0 0 0 0 1 1 

juv_habitat_SSK 10
1 1 1 1 1 1 1 1 1 1 

juv_habitat_SB 10
1 1 1 1 1 1 1 1 1 1 

juv_habitat_SP 10
1 1 1 1 1 1 1 1 1 1 

juv_habitat_REP 10
1 1 1 1 1 1 1 1 1 1 

juv_habitat_PIN 10
1 1 1 1 1 1 1 1 1 1 

juv_habitat_WDG 10
1 1 1 1 1 1 1 1 1 1 

juv_habitat_WHB 10
1 1 1 1 1 1 1 1 1 1 

juv_habitat_WHS 10
1 1 1 1 1 1 1 1 1 1 

juv_habitat_WHT 10
1 1 1 1 1 1 1 1 1 1 

ad_habitat_CEP 10
1 1 1 1 1 1 1 1 1 1 

ad_habitat_PWN 10
1 1 1 1 1 1 1 1 1 1 

ad_habitat_FPS 10
1 1 1 1 1 1 1 1 1 0 

ad_habitat_FPL 10
1 1 1 1 1 1 1 1 1 0 

ad_habitat_FPO 10
1 0 1 1 0 0 1 0 0 0 

ad_habitat_FVD 10
1 1 1 1 1 1 1 1 1 1 

ad_habitat_FVV 10
1 0 1 1 0 0 1 0 0 0 

ad_habitat_FVS 10
1 0 1 1 1 1 1 1 1 0 

ad_habitat_FVT 10
1 1 1 1 1 1 1 1 1 0 

ad_habitat_FVO 10
1 0 1 1 0 0 1 0 0 0 

ad_habitat_FVB 10
0 0 0 1 0 1 1 0 0 0 

ad_habitat_FMM 10
1 1 1 1 1 1 1 1 1 1 

ad_habitat_FMN 10
1 1 1 1 1 1 1 1 1 1 

ad_habitat_FBP 10
1 0 1 1 0 0 1 0 0 0 

ad_habitat_FDD 10
1 1 1 1 1 1 1 1 1 1 

ad_habitat_FDS 10
1 1 1 1 1 1 1 1 1 0 

ad_habitat_FDB 10
1 0 1 1 0 0 1 0 0 0 

ad_habitat_FDC 10
1 0 1 1 0 0 1 0 0 0 

ad_habitat_FDO 10
1 0 1 1 1 1 1 1 1 0 

ad_habitat_FDE 10
0 0 0 1 0 1 1 0 0 0 

ad_habitat_FDF 10
1 1 1 1 1 1 1 1 1 1 

ad_habitat_FDM 10
1 0 1 1 0 0 1 0 0 0 

ad_habitat_FDP 10
0 0 0 1 0 1 1 0 1 0 

ad_habitat_SHD 10
1 1 1 1 1 1 1 1 1 1 

ad_habitat_SHC 10
0 0 0 0 0 0 0 1 1 0 

ad_habitat_SHP 10
1 1 1 1 1 1 1 1 1 1 

ad_habitat_SHB 10
0 0 0 0 0 0 0 1 1 0 

ad_habitat_SHR 10
0 0 0 0 0 0 0 0 1 1 

ad_habitat_SSK 10
1 1 1 1 1 1 1 1 1 1 

ad_habitat_SB 10
1 1 1 1 1 1 1 1 1 1 

ad_habitat_SP 10
1 1 1 1 1 1 1 1 1 1 

ad_habitat_REP 10
1 1 1 1 1 1 1 1 1 1 

ad_habitat_PIN 10
1 1 1 1 1 1 1 1 1 1 

ad_habitat_WDG 10
1 1 1 1 1 1 1 1 1 1 

ad_habitat_WHB 10
1 1 1 1 1 1 1 1 1 1 

ad_habitat_WHS 10
1 1 1 1 1 1 1 1 1 1 

ad_habitat_WHT 10
1 1 1 1 1 1 1 1 1 1 


# Distribution of adult stages of each vertebrate group                  
# Proportion of adult small planktivores in each box in each season             
#from B1                         
FFPS_S1 11          
 0 0.34 0.25 0.25 0.08 0.08 0 0 0 0 0
           
FFPS_S2 11          
 0 0.34 0.25 0.25 0.08 0.08 0 0 0 0 0
 
FFPS_S3 11          
 0 0.34 0.25 0.25 0.08 0.08 0 0 0 0 0
 
FFPS_S4 11          
 0 0.34 0.25 0.25 0.08 0.08 0 0 0 0 0
 
           
FFPL_S1 11          
 0 0.249195295 0.201180756 0.285021264 0.147290105 0.117312579 0 0 0 0 0
           
FFPL_S2 11          
 0 0.249195295 0.201180756 0.285021264 0.147290105 0.117312579 0 0 0 0 0
           
FFPL_S3 11          
 0 0.249195295 0.201180756 0.285021264 0.147290105 0.117312579 0 0 0 0 0
           
FFPL_S4 11          
 0 0.249195295 0.201180756 0.285021264 0.147290105 0.117312579 0 0 0 0 0
           
           
FFPO_S1 11          
 0 0.302862519 0.40283911 0.294298371 0 0 0 0 0 0 0
           
FFPO_S2 11          
 0 0.302862519 0.40283911 0.294298371 0 0 0 0 0 0 0
           
FFPO_S3 11          
 0 0.302862519 0.40283911 0.294298371 0 0 0 0 0 0 0
           
FFPO_S4 11          
 0 0.302862519 0.40283911 0.294298371 0 0 0 0 0 0 0
           
           
FFVD_S1 11          
 0 0.028208604 0.032057644 0.037068169 0.42520304 0.477462543 0 0 0 0 0
           
FFVD_S2 11          
 0 0.028208604 0.032057644 0.037068169 0.42520304 0.477462543 0 0 0 0 0
           
FFVD_S3 11          
 0 0.028208604 0.032057644 0.037068169 0.42520304 0.477462543 0 0 0 0 0
           
FFVD_S4 11          
 0 0.028208604 0.032057644 0.037068169 0.42520304 0.477462543 0 0 0 0 0
           
           
FFVV_S1 11          
 0 0.302862515 0.40283912 0.294298365 0 0 0 0 0 0 0
           
FFVV_S2 11          
 0 0.302862515 0.40283912 0.294298365 0 0 0 0 0 0 0
           
FFVV_S3 11          
 0 0.302862515 0.40283912 0.294298365 0 0 0 0 0 0 0
           
FFVV_S4 11          
 0 0.302862515 0.40283912 0.294298365 0 0 0 0 0 0 0
           
           
FFVS_S1 11          
 0 0.469862145 0.212548049 0.314220965 0.002287077 0.001081763 0 0 0 0 0
           
FFVS_S2 11          
 0 0.469862145 0.212548049 0.314220965 0.002287077 0.001081763 0 0 0 0 0
           
FFVS_S3 11          
 0 0.469862145 0.212548049 0.314220965 0.002287077 0.001081763 0 0 0 0 0
           
FFVS_S4 11          
 0 0.469862145 0.212548049 0.314220965 0.002287077 0.001081763 0 0 0 0 0
           
           
FFVT_S1 11          
 0 0.059227567 0.042258567 0.056567614 0.570226475 0.271719777 0 0 0 0 0
           
FFVT_S2 11          
 0 0.105162453 0.147173433 0.212324786 0.382535252 0.152804075 0 0 0 0 0
           
FFVT_S3 11          
 0 0.102327647 0.101234101 0.138271388 0.34004924 0.318117624 0 0 0 0 0
           
FFVT_S4 11          
 0 0.105162453 0.147173433 0.212324786 0.382535252 0.152804075 0 0 0 0 0
           
           
FFVO_S1 11          
 0 0.302862519 0.40283911 0.294298371 0 0 0 0 0 0 0
           
FFVO_S2 11          
 0 0.302862519 0.40283911 0.294298371 0 0 0 0 0 0 0
           
FFVO_S3 11          
 0 0.302862519 0.40283911 0.294298371 0 0 0 0 0 0 0
           
FFVO_S4 11          
 0 0.302862519 0.40283911 0.294298371 0 0 0 0 0 0 0
           
           
FFVB_S1 11          
 0 0.302862519 0.40283911 0.294298371 0 0 0 0 0 0 0
           
FFVB_S2 11          
 0 0.302862519 0.40283911 0.294298371 0 0 0 0 0 0 0
           
FFVB_S3 11          
 0 0.302862519 0.40283911 0.294298371 0 0 0 0 0 0 0
           
FFVB_S4 11          
 0 0.302862519 0.40283911 0.294298371 0 0 0 0 0 0 0
           
           
FFMM_S1 11          
 0 0.183756793 0.182048541 0.256202135 0.204194524 0.173798008 0 0 0 0 0
           
FFMM_S2 11          
 0 0.183756793 0.182048541 0.256202135 0.204194524 0.173798008 0 0 0 0 0
           
FFMM_S3 11          
 0 0.183756793 0.182048541 0.256202135 0.204194524 0.173798008 0 0 0 0 0
           
FFMM_S4 11          
 0 0.183756793 0.182048541 0.256202135 0.204194524 0.173798008 0 0 0 0 0
           
           
FFMN_S1 11          
 0 0.423226665 0.222241234 0.324832067 0.020163112 0.009536922 0 0 0 0 0
           
FFMN_S2 11          
 0 0.423226665 0.222241234 0.324832067 0.020163112 0.009536922 0 0 0 0 0
           
FFMN_S3 11          
 0 0.423226665 0.222241234 0.324832067 0.020163112 0.009536922 0 0 0 0 0
           
FFMN_S4 11          
 0 0.423226665 0.222241234 0.324832067 0.020163112 0.009536922 0 0 0 0 0
           
           
FFBP_S1 11          
 0 0.302862519 0.40283911 0.294298371 0 0 0 0 0 0 0
           
FFBP_S2 11          
 0 0.302862519 0.40283911 0.294298371 0 0 0 0 0 0 0
           
FFBP_S3 11          
 0 0.302862519 0.40283911 0.294298371 0 0 0 0 0 0 0
           
FFBP_S4 11          
 0 0.302862519 0.40283911 0.294298371 0 0 0 0 0 0 0
           
           
FFDD_S1 11          
 0 0.226718497 0.189717569 0.266771291 0.161417778 0.155374865 0 0 0 0 0
           
FFDD_S2 11          
 0 0.193001295 0.195129184 0.272219941 0.155966036 0.183683544 0 0 0 0 0
           
FFDD_S3 11          
 0 0.170426417 0.185739314 0.25846006 0.206636225 0.178737984 0 0 0 0 0
           
FFDD_S4 11          
 0 0.150296548 0.202942146 0.280780729 0.17220002 0.193780558 0 0 0 0 0
           
           
FFDS_S1 11          
 0 0.283027662 0.231628972 0.330985247 0.071627855 0.082730263 0 0 0 0 0
           
FFDS_S2 11          
 0 0.283514072 0.231474435 0.330758922 0.071578878 0.082673693 0 0 0 0 0
           
FFDS_S3 11          
 0 0.283514072 0.231474435 0.330758922 0.071578878 0.082673693 0 0 0 0 0
           
FFDS_S4 11          
 0 0.283514072 0.231474435 0.330758922 0.071578878 0.082673693 0 0 0 0 0
           
           
FFDB_S1 11          
 0 0.302862517 0.402839115 0.294298369 0 0 0 0 0 0 0
           
FFDB_S2 11          
 0 0.302862517 0.402839115 0.294298369 0 0 0 0 0 0 0
           
FFDB_S3 11          
 0 0.302862517 0.402839115 0.294298369 0 0 0 0 0 0 0
           
FFDB_S4 11          
 0 0.302862517 0.402839115 0.294298369 0 0 0 0 0 0 0
           
           
FFDC_S1 11          
 0 0.302862519 0.40283911 0.294298371 0 0 0 0 0 0 0
           
FFDC_S2 11          
 0 0.302862519 0.40283911 0.294298371 0 0 0 0 0 0 0
           
FFDC_S3 11          
 0 0.302862519 0.40283911 0.294298371 0 0 0 0 0 0 0
           
FFDC_S4 11          
 0 0.302862519 0.40283911 0.294298371 0 0 0 0 0 0 0
           
           
FFDO_S1 11          
 0 0.5 0.5 0 0 0 0 0 0 0 0
           
FFDO_S2 11          
 0 0.5 0.5 0 0 0 0 0 0 0 0
           
FFDO_S3 11          
 0 0.5 0.5 0 0 0 0 0 0 0 0
           
FFDO_S4 11          
 0 0.5 0.5 0 0 0 0 0 0 0 0
           
           
FFDE_S1 11          
 0 0.339684321 0.343556396 0.316759283 0 0 0 0 0 0 0
           
FFDE_S2 11          
 0 0.339684321 0.343556396 0.316759283 0 0 0 0 0 0 0
           
FFDE_S3 11          
 0 0.339684321 0.343556396 0.316759283 0 0 0 0 0 0 0
           
FFDE_S4 11          
 0 0.339684321 0.343556396 0.316759283 0 0 0 0 0 0 0
           
           
FFDF_S1 11          
 0 0.31951287 0.192866322 0.275032604 0.038029437 0.174558767 0 0 0 0 0
           
FFDF_S2 11          
 0 0.31951287 0.192866322 0.275032604 0.038029437 0.174558767 0 0 0 0 0
           
FFDF_S3 11          
 0 0.31951287 0.192866322 0.275032604 0.038029437 0.174558767 0 0 0 0 0
           
FFDF_S4 11          
 0 0.31951287 0.192866322 0.275032604 0.038029437 0.174558767 0 0 0 0 0
           
           
FFDP_S1 11          
 0 0.339684321 0.343556396 0.316759283 0 0 0 0 0 0 0
           
FFDP_S2 11          
 0 0.339684321 0.343556396 0.316759283 0 0 0 0 0 0 0
           
FFDP_S3 11          
 0 0.339684321 0.343556396 0.316759283 0 0 0 0 0 0 0
           
FFDP_S4 11          
 0 0.339684321 0.343556396 0.316759283 0 0 0 0 0 0 0
           
           
FFDM_S1 11          
 0 0.302862519 0.40283911 0.294298371 0 0 0 0 0 0 0
           
FFDM_S2 11          
 0 0.302862519 0.40283911 0.294298371 0 0 0 0 0 0 0
           
FFDM_S3 11          
 0 0.302862519 0.40283911 0.294298371 0 0 0 0 0 0 0
           
FFDM_S4 11          
 0 0.302862519 0.40283911 0.294298371 0 0 0 0 0 0 0
           
           
FSHD_S1 11          
 0 0.34 0.33 0.33 0 0 0 0 0 0 0
           
FSHD_S2 11          
 0 0.34 0.33 0.33 0 0 0 0 0 0 0
 
FSHD_S3 11          
 0 0.34 0.33 0.33 0 0 0 0 0 0 0
 
FSHD_S4 11          
 0 0.34 0.33 0.33 0 0 0 0 0 0 0
 
           
FSHP_S1 11          
 0 0.198179447 0.142133434 0.197544607 0.24176641 0.220376102 0 0 0 0 0
           
FSHP_S2 11          
 0 0.181563232 0.146392598 0.203716308 0.246598444 0.221729418 0 0 0 0 0
           
FSHP_S3 11          
 0 0.181563232 0.146392598 0.203716308 0.246598444 0.221729418 0 0 0 0 0
           
FSHP_S4 11          
 0 0.181563232 0.146392598 0.203716308 0.246598444 0.221729418 0 0 0 0 0
           
           
FSHB_S1 11          
 0 0.306762133 0.317606888 0.375630979 0 0 0 0 0 0 0
           
FSHB_S2 11          
 0 0.306762133 0.317606888 0.375630979 0 0 0 0 0 0 0
           
FSHB_S3 11          
 0 0.306762133 0.317606888 0.375630979 0 0 0 0 0 0 0
           
FSHB_S4 11          
 0 0.306762133 0.317606888 0.375630979 0 0 0 0 0 0 0
           
           
FSHC_S1 11          
 0 0.038297493 0.153395953 0.203583437 0.078444099 0.526279018 0 0 0 0 0
           
FSHC_S2 11          
 0 0.038297493 0.153395953 0.203583437 0.078444099 0.526279018 0 0 0 0 0
           
FSHC_S3 11          
 0 0.038297493 0.153395953 0.203583437 0.078444099 0.526279018 0 0 0 0 0
           
FSHC_S4 11          
 0 0.038297493 0.153395953 0.203583437 0.078444099 0.526279018 0 0 0 0 0
           
           
FSHR_S1 11          
 0 0.038433666 0.15390601 0.204307307 0.078714757 0.52463826 0 0 0 0 0
           
FSHR_S2 11          
 0 0.038433666 0.15390601 0.204307307 0.078714757 0.52463826 0 0 0 0 0
           
FSHR_S3 11          
 0 0.038433666 0.15390601 0.204307307 0.078714757 0.52463826 0 0 0 0 0
           
FSHR_S4 11          
 0 0.038433666 0.15390601 0.204307307 0.078714757 0.52463826 0 0 0 0 0
           
           
FSSK_S1 11          
 0 0.499361394 0.200965129 0.296657294 0.002047661 0.000968522 0 0 0 0 0
           
FSSK_S2 11          
 0 0.499361394 0.200965129 0.296657294 0.002047661 0.000968522 0 0 0 0 0
            
FSSK_S3 11          
 0 0.499361394 0.200965129 0.296657294 0.002047661 0.000968522 0 0 0 0 0
           
FSSK_S4 11          
 0 0.499361394 0.200965129 0.296657294 0.002047661 0.000968522 0 0 0 0 0
           
           
FSB_S1 11          
 0 0.15589468 0.122863329 0.169211609 0.238319388 0.313710993 0 0 0 0 0
           
FSB_S2 11          
 0 0.15589468 0.122863329 0.169211609 0.238319388 0.313710993 0 0 0 0 0
           
FSB_S3 11          
 0 0.15589468 0.122863329 0.169211609 0.238319388 0.313710993 0 0 0 0 0
           
FSB_S4 11          
 0 0.15589468 0.122863329 0.169211609 0.238319388 0.313710993 0 0 0 0 0
           
           
FSP_S1 11          
 0 0.5 0.5 0 0 0 0 0 0 0 0
           
FSP_S2 11          
 0 0.5 0.5 0 0 0 0 0 0 0 0
           
FSP_S3 11          
 0 0.5 0.5 0 0 0 0 0 0 0 0
           
FSP_S4 11          
 0 0.5 0.5 0 0 0 0 0 0 0 0
           
           
FREP_S1 11          
 0 0.5 0.5 0 0 0 0 0 0 0 0
           
FREP_S2 11          
 0 0.5 0.5 0 0 0 0 0 0 0 0
           
FREP_S3 11          
 0 0.5 0.5 0 0 0 0 0 0 0 0
           
FREP_S4 11          
 0 0.5 0.5 0 0 0 0 0 0 0 0
           
           
FWDG_S1 11          
 0 0.5 0.5 0 0 0 0 0 0 0 0
           
FWDG_S2 11          
 0 0.5 0.5 0 0 0 0 0 0 0 0
           
FWDG_S3 11          
 0 0.5 0.5 0 0 0 0 0 0 0 0
           
FWDG_S4 11          
 0 0.5 0.5 0 0 0 0 0 0 0 0
           
           
FPIN_S1 11          
 0 0.716228615 0.115704535 0.16806685 0 0 0 0 0 0 0
           
FPIN_S2 11          
 0 0.338133876 0.265458131 0.396407993 0 0 0 0 0 0 0
           
FPIN_S3 11          
 0 0.338133876 0.265458131 0.396407993 0 0 0 0 0 0 0
           
FPIN_S4 11          
 0 0.338133876 0.265458131 0.396407993 0 0 0 0 0 0 0
           
           
FWHB_S1 11          
 0 0.086041079 0.126689088 0.174877121 0.319289646 0.293103066 0 0 0 0 0
           
FWHB_S2 11          
 0 0.104090068 0.168908362 0.23183375 0.268170813 0.226997007 0 0 0 0 0
           
FWHB_S3 11          
 0 0.469883045 0.191304342 0.280788325 0.031097302 0.026926986 0 0 0 0 0
           
FWHB_S4 11          
 0 0.104090068 0.168908362 0.23183375 0.268170813 0.226997007 0 0 0 0 0
           
           
FWHS_S1 11          
 0 0.322013468 0.2263127 0.322556083 0.087238726 0.041879023 0 0 0 0 0
           
FWHS_S2 11          
 0 0.322013468 0.2263127 0.322556083 0.087238726 0.041879023 0 0 0 0 0
           
FWHS_S3 11          
 0 0.322013468 0.2263127 0.322556083 0.087238726 0.041879023 0 0 0 0 0
           
FWHS_S4 11          
 0 0.322013468 0.2263127 0.322556083 0.087238726 0.041879023 0 0 0 0 0
           
           
FWHT_S1 11          
 0 0.229334808 0.162132266 0.229721261 0.254190521 0.124621144 0 0 0 0 0
           
FWHT_S2 11          
 0 0.229334808 0.162132266 0.229721261 0.254190521 0.124621144 0 0 0 0 0
           
FWHT_S3 11          
 0 0.229334808 0.162132266 0.229721261 0.254190521 0.124621144 0 0 0 0 0
           
FWHT_S4 11          
 0 0.229334808 0.162132266 0.229721261 0.254190521 0.124621144 0 0 0 0 0
           
           
           
FCEP_S1 11          
 0 0.27 0.27 0.27 0.09 0.1 0 0 0 0 0
           
FCEP_S2 11          
 0 0.27 0.27 0.27 0.09 0.1 0 0 0 0 0          

FCEP_S3 11          
 0 0.27 0.27 0.27 0.09 0.1 0 0 0 0 0
           
FCEP_S4 11          
 0 0.27 0.27 0.27 0.09 0.1 0 0 0 0 0
 
           
FPWN_S1 11          
 0 0.474497106 0.211125247 0.312539955 0.000234979 0.001602713 0 0 0 0 0
           
FPWN_S2 11          
 0 0.474497106 0.211125247 0.312539955 0.000234979 0.001602713 0 0 0 0 0
           
FPWN_S3 11          
 0 0.474497106 0.211125247 0.312539955 0.000234979 0.001602713 0 0 0 0 0
           
FPWN_S4 11          
 0 0.474497106 0.211125247 0.312539955 0.000234979 0.001602713 0 0 0 0 0
           
           
FBML_S1 11          
 0 0.505087769 0.199697116 0.295215115 0 0 0 0 0 0 0
           
FBML_S2 11          
 0 0.505087769 0.199697116 0.295215115 0 0 0 0 0 0 0
           
FBML_S3 11          
 0 0.505087769 0.199697116 0.295215115 0 0 0 0 0 0 0
           
FBML_S4 11          
 0 0.505087769 0.199697116 0.295215115 0 0 0 0 0 0 0
           
           
FZL_S1 11          
 0 0.334536116 0.164758415 0.23808106 0.136927258 0.125697151 0 0 0 0 0
           
FZL_S2 11          
 0 0.334536116 0.164758415 0.23808106 0.136927258 0.125697151 0 0 0 0 0
           
FZL_S3 11          
 0 0.334536116 0.164758415 0.23808106 0.136927258 0.125697151 0 0 0 0 0
           
FZL_S4 11          
 0 0.334536116 0.164758415 0.23808106 0.136927258 0.125697151 0 0 0 0 0
          
# Distribution of juvenile stages of each vertebrate group  
# Proportion of juvenile small planktivores in each box in each
           
           
FFPS_S1juv 11          
 0 0.335531164 0.191622582 0.277343824 0.049076134 0.146426296 0 0 0 0 0
           
FFPS_S2juv 11          
 0 0.335531164 0.191622582 0.277343824 0.049076134 0.146426296 0 0 0 0 0
           
FFPS_S3juv 11          
 0 0.335531164 0.191622582 0.277343824 0.049076134 0.146426296 0 0 0 0 0
           
FFPS_S4juv 11          
 0 0.335531164 0.191622582 0.277343824 0.049076134 0.146426296 0 0 0 0 0
           
           
FFPL_S1juv 11          
 0 0.32884578 0.184072151 0.267860244 0.114588508 0.104633317 0 0 0 0 0
           
FFPL_S2juv 11          
 0 0.32884578 0.184072151 0.267860244 0.114588508 0.104633317 0 0 0 0 0
           
FFPL_S3juv 11          
 0 0.32884578 0.184072151 0.267860244 0.114588508 0.104633317 0 0 0 0 0
           
FFPL_S4juv 11          
 0 0.32884578 0.184072151 0.267860244 0.114588508 0.104633317 0 0 0 0 0
           
           
FFPO_S1juv 11          
 0 0.302862519 0.40283911 0.294298371 0 0 0 0 0 0 0
           
FFPO_S2juv 11          
 0 0.302862519 0.40283911 0.294298371 0 0 0 0 0 0 0
           
FFPO_S3juv 11          
 0 0.302862519 0.40283911 0.294298371 0 0 0 0 0 0 0
           
FFPO_S4juv 11          
 0 0.302862519 0.40283911 0.294298371 0 0 0 0 0 0 0
           
           
FFVD_S1juv 11          
 0 0.028208604 0.032057644 0.037068169 0.42520304 0.477462543 0 0 0 0 0
           
FFVD_S2juv 11          
 0 0.028208604 0.032057644 0.037068169 0.42520304 0.477462543 0 0 0 0 0
           
FFVD_S3juv 11          
 0 0.028208604 0.032057644 0.037068169 0.42520304 0.477462543 0 0 0 0 0
           
FFVD_S4juv 11          
 0 0.028208604 0.032057644 0.037068169 0.42520304 0.477462543 0 0 0 0 0
           
           
FFVV_S1juv 11          
 0 0.302862515 0.40283912 0.294298365 0 0 0 0 0 0 0
           
FFVV_S2juv 11          
 0 0.302862515 0.40283912 0.294298365 0 0 0 0 0 0 0
           
FFVV_S3juv 11          
 0 0.302862515 0.40283912 0.294298365 0 0 0 0 0 0 0
           
FFVV_S4juv 11          
 0 0.302862515 0.40283912 0.294298365 0 0 0 0 0 0 0
           
           
FFVS_S1juv 11          
 0 0.50509973 0.19970185 0.29519842 0 0 0 0 0 0 0
           
FFVS_S2juv 11          
 0 0.50509973 0.19970185 0.29519842 0 0 0 0 0 0 0
           
FFVS_S3juv 11          
 0 0.50509973 0.19970185 0.29519842 0 0 0 0 0 0 0
           
FFVS_S4juv 11          
 0 0.50509973 0.19970185 0.29519842 0 0 0 0 0 0 0
           
           
FFVT_S1juv 11          
 0 0.060070892 0.043055273 0.057373066 0.544547971 0.294952798 0 0 0 0 0
           
FFVT_S2juv 11          
 0 0.322859708 0.163982866 0.236402912 0.144609159 0.132145355 0 0 0 0 0
           
FFVT_S3juv 11          
 0 0.322859708 0.163982866 0.236402912 0.144609159 0.132145355 0 0 0 0 0
           
FFVT_S4juv 11          
 0 0.347482849 0.176109741 0.254432361 0.1174272 0.104547849 0 0 0 0 0
           
           
FFVO_S1juv 11          
 0 0.302862519 0.40283911 0.294298371 0 0 0 0 0 0 0
           
FFVO_S2juv 11          
 0 0.302862519 0.40283911 0.294298371 0 0 0 0 0 0 0
           
FFVO_S3juv 11          
 0 0.302862519 0.40283911 0.294298371 0 0 0 0 0 0 0
           
FFVO_S4juv 11          
 0 0.302862519 0.40283911 0.294298371 0 0 0 0 0 0 0
           
           
FFVB_S1juv 11          
 0 0.302862519 0.40283911 0.294298371 0 0 0 0 0 0 0
           
FFVB_S2juv 11          
 0 0.302862519 0.40283911 0.294298371 0 0 0 0 0 0 0
           
FFVB_S3juv 11          
 0 0.302862519 0.40283911 0.294298371 0 0 0 0 0 0 0
           
FFVB_S4juv 11          
 0 0.302862519 0.40283911 0.294298371 0 0 0 0 0 0 0
           
           
FFMM_S1juv 11          
 0 0.183756793 0.182048541 0.256202135 0.204194524 0.173798008 0 0 0 0 0
           
FFMM_S2juv 11          
 0 0.183756793 0.182048541 0.256202135 0.204194524 0.173798008 0 0 0 0 0
           
FFMM_S3juv 11          
 0 0.183756793 0.182048541 0.256202135 0.204194524 0.173798008 0 0 0 0 0
           
FFMM_S4juv 11          
 0 0.183756793 0.182048541 0.256202135 0.204194524 0.173798008 0 0 0 0 0
           
           
FFMN_S1juv 11          
 0 0.35460755 0.103411334 0.142564179 0.380852566 0.018564372 0 0 0 0 0
           
FFMN_S2juv 11          
 0 0.35460755 0.103411334 0.142564179 0.380852566 0.018564372 0 0 0 0 0
           
FFMN_S3juv 11          
 0 0.35460755 0.103411334 0.142564179 0.380852566 0.018564372 0 0 0 0 0
           
FFMN_S4juv 11          
 0 0.35460755 0.103411334 0.142564179 0.380852566 0.018564372 0 0 0 0 0
           
           
FFBP_S1juv 11          
 0 0.302862519 0.40283911 0.294298371 0 0 0 0 0 0 0
           
FFBP_S2juv 11          
 0 0.302862519 0.40283911 0.294298371 0 0 0 0 0 0 0
           
FFBP_S3juv 11          
 0 0.302862519 0.40283911 0.294298371 0 0 0 0 0 0 0
           
FFBP_S4juv 11          
 0 0.302862519 0.40283911 0.294298371 0 0 0 0 0 0 0
           
           
FFDD_S1juv 11          
 0 0.185559928 0.1525608 0.210481661 0.259456882 0.191940729 0 0 0 0 0
           
FFDD_S2juv 11          
 0 0.185559928 0.1525608 0.210481661 0.259456882 0.191940729 0 0 0 0 0
           
FFDD_S3juv 11          
 0 0.185559928 0.1525608 0.210481661 0.259456882 0.191940729 0 0 0 0 0
           
FFDD_S4juv 11          
 0 0.185559928 0.1525608 0.210481661 0.259456882 0.191940729 0 0 0 0 0
           
           
FFDS_S1juv 11          
 0 0.35 0.3 0.35 0.0  0.0  0 0 0 0 0
           
FFDS_S2juv 11          
 0 0.35 0.3 0.35 0.0  0.0  0 0 0 0 0          

FFDS_S3juv 11          
 0 0.35 0.3 0.35 0.0  0.0  0 0 0 0 0          

FFDS_S4juv 11          
 0 0.35 0.3 0.35 0.0  0.0  0 0 0 0 0
           
FFDB_S1juv 11          
 0 0.302862517 0.402839115 0.294298369 0 0 0 0 0 0 0
           
FFDB_S2juv 11          
 0 0.302862517 0.402839115 0.294298369 0 0 0 0 0 0 0
           
FFDB_S3juv 11          
 0 0.302862517 0.402839115 0.294298369 0 0 0 0 0 0 0
           
FFDB_S4juv 11          
 0 0.302862517 0.402839115 0.294298369 0 0 0 0 0 0 0
           
           
FFDC_S1juv 11          
 0 0.302862519 0.40283911 0.294298371 0 0 0 0 0 0 0
           
FFDC_S2juv 11          
 0 0.302862519 0.40283911 0.294298371 0 0 0 0 0 0 0
           
FFDC_S3juv 11          
 0 0.302862519 0.40283911 0.294298371 0 0 0 0 0 0 0
           
FFDC_S4juv 11          
 0 0.302862519 0.40283911 0.294298371 0 0 0 0 0 0 0
           
           
FFDO_S1juv 11          
 0 0.5 0.5 0 0 0 0 0 0 0 0
           
FFDO_S2juv 11          
 0 0.5 0.5 0 0 0 0 0 0 0 0
           
FFDO_S3juv 11          
 0 0.5 0.5 0 0 0 0 0 0 0 0
           
FFDO_S4juv 11          
 0 0.5 0.5 0 0 0 0 0 0 0 0
           
           
FFDE_S1juv 11          
 0 0.339684321 0.343556396 0.316759283 0 0 0 0 0 0 0
           
FFDE_S2juv 11          
 0 0.339684321 0.343556396 0.316759283 0 0 0 0 0 0 0
           
FFDE_S3juv 11          
 0 0.339684321 0.343556396 0.316759283 0 0 0 0 0 0 0
           
FFDE_S4juv 11          
 0 0.339684321 0.343556396 0.316759283 0 0 0 0 0 0 0
           
           
FFDF_S1juv 11          
 0 0.280604023 0.204632307 0.289842587 0.083011019 0.141910063 0 0 0 0 0
           
FFDF_S2juv 11          
 0 0.280604023 0.204632307 0.289842587 0.083011019 0.141910063 0 0 0 0 0
           
FFDF_S3juv 11          
 0 0.280604023 0.204632307 0.289842587 0.083011019 0.141910063 0 0 0 0 0
           
FFDF_S4juv 11          
 0 0.280604023 0.204632307 0.289842587 0.083011019 0.141910063 0 0 0 0 0
           
           
FFDP_S1juv 11          
 0 0.339684321 0.343556396 0.316759283 0 0 0 0 0 0 0
           
FFDP_S2juv 11          
 0 0.339684321 0.343556396 0.316759283 0 0 0 0 0 0 0
           
FFDP_S3juv 11          
 0 0.339684321 0.343556396 0.316759283 0 0 0 0 0 0 0
           
FFDP_S4juv 11          
 0 0.339684321 0.343556396 0.316759283 0 0 0 0 0 0 0
           
           
FFDM_S1juv 11          
 0 0.302862519 0.40283911 0.294298371 0 0 0 0 0 0 0
           
FFDM_S2juv 11          
 0 0.302862519 0.40283911 0.294298371 0 0 0 0 0 0 0
           
FFDM_S3juv 11          
 0 0.302862519 0.40283911 0.294298371 0 0 0 0 0 0 0
           
FFDM_S4juv 11          
 0 0.302862519 0.40283911 0.294298371 0 0 0 0 0 0 0
           
           
FSHD_S1juv 11          
 0 0.34 0.33 0.33 0 0 0 0 0 0 0
 
FSHD_S2juv 11          
 0 0.34 0.33 0.33 0 0 0 0 0 0 0
 
FSHD_S3juv 11          
 0 0.34 0.33 0.33 0 0 0 0 0 0 0
 
FSHD_S4juv 11          
 0 0.34 0.33 0.33 0 0 0 0 0 0 0
 
           
FSHP_S1juv 11          
 0 0.443159221 0.207324259 0.297230386 0.030688114 0.021598021 0 0 0 0 0
           
FSHP_S2juv 11          
 0 0.422003264 0.204312871 0.292247485 0.046171577 0.035264803 0 0 0 0 0
           
FSHP_S3juv 11          
 0 0.422003264 0.204312871 0.292247485 0.046171577 0.035264803 0 0 0 0 0
           
FSHP_S4juv 11          
 0 0.443159221 0.207324259 0.297230386 0.030688114 0.021598021 0 0 0 0 0
           
           
FSHB_S1juv 11          
 0 0.306762133 0.317606888 0.375630979 0 0 0 0 0 0 0
           
FSHB_S2juv 11          
 0 0.306762133 0.317606888 0.375630979 0 0 0 0 0 0 0
           
FSHB_S3juv 11          
 0 0.306762133 0.317606888 0.375630979 0 0 0 0 0 0 0
           
FSHB_S4juv 11          
 0 0.306762133 0.317606888 0.375630979 0 0 0 0 0 0 0
           
           
FSHC_S1juv 11          
 0 0.038297495 0.153395954 0.203583433 0.078444099 0.526279019 0 0 0 0 0
           
FSHC_S2juv 11          
 0 0.038297495 0.153395954 0.203583433 0.078444099 0.526279019 0 0 0 0 0
           
FSHC_S3juv 11          
 0 0.038297495 0.153395954 0.203583433 0.078444099 0.526279019 0 0 0 0 0
           
FSHC_S4juv 11          
 0 0.038297495 0.153395954 0.203583433 0.078444099 0.526279019 0 0 0 0 0
           
           
FSHR_S1juv 11          
 0 0.038433666 0.15390601 0.204307307 0.078714757 0.52463826 0 0 0 0 0
           
FSHR_S2juv 11          
 0 0.038433666 0.15390601 0.204307307 0.078714757 0.52463826 0 0 0 0 0
           
FSHR_S3juv 11          
 0 0.038433666 0.15390601 0.204307307 0.078714757 0.52463826 0 0 0 0 0
           
FSHR_S4juv 11          
 0 0.038433666 0.15390601 0.204307307 0.078714757 0.52463826 0 0 0 0 0
           
           
FSSK_S1juv 11          
 0 0.505093541 0.199699399 0.29520706 0 0 0 0 0 0 0
           
FSSK_S2juv 11          
 0 0.505093541 0.199699399 0.29520706 0 0 0 0 0 0 0
           
FSSK_S3juv 11          
 0 0.505093541 0.199699399 0.29520706 0 0 0 0 0 0 0
           
FSSK_S4juv 11          
 0 0.505093541 0.199699399 0.29520706 0 0 0 0 0 0 0
           
           
FSB_S1juv 11          
 0 0.150295965 0.124017762 0.170759797 0.254388456 0.30053802 0 0 0 0 0
           
FSB_S2juv 11          
 0 0.150295965 0.124017762 0.170759797 0.254388456 0.30053802 0 0 0 0 0
           
FSB_S3juv 11          
 0 0.150295965 0.124017762 0.170759797 0.254388456 0.30053802 0 0 0 0 0
           
FSB_S4juv 11          
 0 0.150295965 0.124017762 0.170759797 0.254388456 0.30053802 0 0 0 0 0
           
           
FSP_S1juv 11          
 0 0.5 0.5 0 0 0 0 0 0 0 0
           
FSP_S2juv 11          
 0 0.5 0.5 0 0 0 0 0 0 0 0
           
FSP_S3juv 11          
 0 0.5 0.5 0 0 0 0 0 0 0 0
           
FSP_S4juv 11          
 0 0.5 0.5 0 0 0 0 0 0 0 0
           
           
FREP_S1juv 11          
 0 0.5 0.5 0 0 0 0 0 0 0 0
           
FREP_S2juv 11          
 0 0.5 0.5 0 0 0 0 0 0 0 0
           
FREP_S3juv 11          
 0 0.5 0.5 0 0 0 0 0 0 0 0
           
FREP_S4juv 11          
 0 0.5 0.5 0 0 0 0 0 0 0 0
           
           
FWDG_S1juv 11          
 0 0.5 0.5 0 0 0 0 0 0 0 0
           
FWDG_S2juv 11          
 0 0.5 0.5 0 0 0 0 0 0 0 0
           
FWDG_S3juv 11          
 0 0.5 0.5 0 0 0 0 0 0 0 0
           
FWDG_S4juv 11          
 0 0.5 0.5 0 0 0 0 0 0 0 0
           
            
           
FPIN_S1juv 11          
 0 0.832987685 0.069641388 0.097370927 0 0 0 0 0 0 0
           
FPIN_S2juv 11          
 0 0.338133876 0.265458131 0.396407993 0 0 0 0 0 0 0
           
FPIN_S3juv 11          
 0 0.338133876 0.265458131 0.396407993 0 0 0 0 0 0 0
           
FPIN_S4juv 11          
 0 0.338133876 0.265458131 0.396407993 0 0 0 0 0 0 0
           
           
FWHB_S1juv 11          
 0 0.086041079 0.126689088 0.174877121 0.319289646 0.293103066 0 0 0 0 0
           
FWHB_S2juv 11          
 0 0.104090068 0.168908362 0.23183375 0.268170813 0.226997007 0 0 0 0 0
           
FWHB_S3juv 11          
 0 0.469883045 0.191304342 0.280788325 0.031097302 0.026926986 0 0 0 0 0
           
FWHB_S4juv 11          
 0 0.104090068 0.168908362 0.23183375 0.268170813 0.226997007 0 0 0 0 0
           
           
FWHS_S1juv 11          
 0 0.322013468 0.2263127 0.322556083 0.087238726 0.041879023 0 0 0 0 0
           
FWHS_S2juv 11          
 0 0.322013468 0.2263127 0.322556083 0.087238726 0.041879023 0 0 0 0 0
           
FWHS_S3juv 11          
 0 0.322013468 0.2263127 0.322556083 0.087238726 0.041879023 0 0 0 0 0
           
FWHS_S4juv 11          
 0 0.322013468 0.2263127 0.322556083 0.087238726 0.041879023 0 0 0 0 0
           
           
FWHT_S1juv 11          
 0 0.229334808 0.162132266 0.229721261 0.254190521 0.124621144 0 0 0 0 0
           
FWHT_S2juv 11          
 0 0.229334808 0.162132266 0.229721261 0.254190521 0.124621144 0 0 0 0 0
           
FWHT_S3juv 11          
 0 0.229334808 0.162132266 0.229721261 0.254190521 0.124621144 0 0 0 0 0
           
FWHT_S4juv 11          
 0 0.229334808 0.162132266 0.229721261 0.254190521 0.124621144 0 0 0 0 0
                      
           
FCEP_S1juv 11          
 0 0.27 0.27 0.27 0.09 0.1 0 0 0 0 0
 
FCEP_S2juv 11          
 0 0.27 0.27 0.27 0.09 0.1 0 0 0 0 0
 
FCEP_S3juv 11          
 0 0.27 0.27 0.27 0.09 0.1 0 0 0 0 0          

FCEP_S4juv 11          
 0 0.27 0.27 0.27 0.09 0.1 0 0 0 0 0          
           

FPWN_S1juv 11          
 0 0.5 0.5 0 0 0 0 0 0 0 0
           
FPWN_S2juv 11          
 0 0.5 0.5 0 0 0 0 0 0 0 0
           
FPWN_S3juv 11          
 0 0.5 0.5 0 0 0 0 0 0 0 0
           
FPWN_S4juv 11          
 0 0.5 0.5 0 0 0 0 0 0 0 0